country	3.644	2002	3.420820673076923	3.8658653846153848	52	YEAR
country	3.732	2003	3.4920321428571426	3.977596875	56	YEAR
country	3.853	2004	3.6674308035714285	4.044689285714286	56	YEAR
country	3.973	2005	3.7907330508474573	4.147369491525423	59	YEAR
country	3.595	2006	3.392391949152542	3.789889830508475	59	YEAR
country	3.811	2007	3.6111591666666665	4.022879583333333	60	YEAR
country	4.008	2008	3.821582203389831	4.178025423728813	59	YEAR
country	3.946	2009	3.7596841666666667	4.108230416666667	60	YEAR
country	3.709	2010	3.5190720833333335	3.8927075	60	YEAR
country	3.851	2011	3.6947929292929294	3.992640151515151	99	YEAR
country	3.781	2012	3.635342171717172	3.915650252525252	99	YEAR
country	3.914	2013	3.789812	4.0404275	100	YEAR
country	3.984	2014	3.8621677500000002	4.0920447499999995	100	YEAR
country	3.859	2015	3.7415532828282836	3.967975505050506	99	YEAR
country	3.914	2016	3.786902750000001	4.034459	100	YEAR
country	3.830	2017	3.6950659999999997	3.9672495000000003	100	YEAR
country	3.801	2018	3.6582270000000006	3.936201000000001	100	YEAR
country	3.927	2019	3.8064695000000004	4.051289000000001	100	YEAR
country	4.000	2020	3.8808292499999997	4.119106	100	YEAR
country	4.015	2021	3.8930147500000003	4.126105249999999	100	YEAR
country	4.006	2022	3.887024249999999	4.117451	100	YEAR
country	4.058	2023	3.9482512499999998	4.16299125	100	YEAR
country	4.084	2024	3.9579920000000004	4.20084475	100	YEAR
pop-airplay	3.406	2010	3.1971649999999996	3.6120154999999996	50	YEAR
pop-airplay	3.515	2011	3.3045357142857137	3.7366857142857146	49	YEAR
pop-airplay	3.387	2012	3.163837	3.5998745	50	YEAR
pop-airplay	3.381	2013	3.16545	3.596644	50	YEAR
pop-airplay	3.186	2014	2.9944604999999997	3.3862210000000004	50	YEAR
pop-airplay	3.266	2015	3.070100510204082	3.4869045918367347	49	YEAR
pop-airplay	3.372	2016	3.1832955	3.5734035	50	YEAR
pop-airplay	3.462	2017	3.2629905	3.6591725000000004	50	YEAR
pop-airplay	3.571	2018	3.3604530000000006	3.767767	50	YEAR
pop-airplay	3.562	2019	3.3877375	3.7203360000000005	50	YEAR
pop-airplay	3.505	2020	3.318539	3.6831405	50	YEAR
pop-airplay	3.564	2021	3.3946540000000005	3.7343865000000007	50	YEAR
pop-airplay	3.509	2022	3.352956	3.6473964999999997	50	YEAR
pop-airplay	3.691	2023	3.5096969999999996	3.8537205	50	YEAR
pop-airplay	3.639	2024	3.4476875	3.8249774999999997	50	YEAR
rap	4.204	2013	4.041370918367347	4.337701530612245	49	YEAR
rap	4.252	2014	4.126416145833334	4.367657291666666	48	YEAR
rap	4.257	2015	4.081108499999999	4.377231500000001	50	YEAR
rap	4.202	2016	4.080569499999999	4.309755999999999	50	YEAR
rap	4.148	2017	4.0172835000000005	4.2666395	50	YEAR
rap	4.145	2018	3.9731339999999995	4.301972500000001	50	YEAR
rap	4.082	2019	3.9300574999999998	4.220844500000001	50	YEAR
rap	4.284	2020	4.1475254999999995	4.410063999999999	50	YEAR
rap	4.323	2021	4.2069995	4.4302265	50	YEAR
rap	4.272	2022	4.136508500000001	4.388946499999999	50	YEAR
rap	4.242	2023	4.0848985	4.378085	50	YEAR
rap	4.186	2024	4.054834	4.306801500000001	50	YEAR
rb	3.326	2013	3.1146055000000006	3.534879999999999	50	YEAR
rb	3.576	2014	3.4014790000000006	3.7531894999999995	50	YEAR
rb	3.521	2015	3.332374489795918	3.7070494897959185	49	YEAR
rb	3.390	2016	3.1845074999999996	3.5800999999999994	50	YEAR
rb	3.442	2017	3.2644565	3.647584999999999	50	YEAR
rb	3.389	2018	3.182717	3.592641	50	YEAR
rb	3.360	2019	3.1809290000000003	3.5215275	50	YEAR
rb	3.523	2020	3.3310789999999995	3.7204915	50	YEAR
rb	3.457	2021	3.2802655000000005	3.6594440000000006	50	YEAR
rb	3.252	2022	3.065036	3.434993	50	YEAR
rbhiphop	3.645	2002	3.480432731958763	3.801232474226804	97	YEAR
rbhiphop	3.839	2003	3.6874099489795924	3.9775658163265306	98	YEAR
rbhiphop	3.896	2004	3.747882575757575	4.028606565656566	99	YEAR
rbhiphop	3.854	2005	3.7298979166666664	3.979971354166667	96	YEAR
rbhiphop	3.984	2006	3.8431129999999993	4.1139980000000005	100	YEAR
rbhiphop	3.675	2007	3.512118434343435	3.8280421717171715	99	YEAR
rbhiphop	3.630	2008	3.5003795212765962	3.7683015957446817	94	YEAR
rbhiphop	3.654	2009	3.5106213157894754	3.818740789473684	95	YEAR
rbhiphop	3.666	2010	3.5196856060606057	3.824012373737374	99	YEAR
rbhiphop	3.718	2011	3.5660613636363636	3.862117424242424	99	YEAR
rbhiphop	3.720	2012	3.5742239690721647	3.867236597938144	97	YEAR
rbhiphop	4.020	2013	3.8816244949494947	4.1474929292929295	99	YEAR
rbhiphop	4.009	2014	3.8814448453608255	4.143067268041237	97	YEAR
rbhiphop	3.932	2015	3.597415	4.203387	25	YEAR
rbhiphop	4.013	2016	3.895613265306122	4.1318170918367345	98	YEAR
rbhiphop	3.943	2017	3.82196025	4.0743095	100	YEAR
rbhiphop	3.930	2018	3.793295	4.0602265	100	YEAR
rbhiphop	3.980	2019	3.8542382500000016	4.109865	100	YEAR
rbhiphop	4.180	2020	4.07770975	4.2769575	100	YEAR
rbhiphop	4.155	2021	4.0386352500000005	4.2649152500000005	100	YEAR
rbhiphop	3.980	2022	3.85277925	4.1130397499999996	100	YEAR
rbhiphop	4.022	2023	3.8812455	4.1435474999999995	100	YEAR
rbhiphop	4.075	2024	3.956116250000001	4.177517999999999	100	YEAR
rock	3.023	2009	2.8128875	3.217696	50	YEAR
rock	2.854	2010	2.6452679999999997	3.0782069999999995	50	YEAR
rock	2.919	2011	2.7360240000000005	3.114355	50	YEAR
rock	3.135	2012	2.9969702500000004	3.2621452500000006	100	YEAR
rock	3.209	2013	3.0693167499999996	3.3504682499999996	100	YEAR
rock	3.190	2014	3.02257025	3.3434417500000007	100	YEAR
rock	3.208	2015	3.06420525	3.342640249999999	100	YEAR
rock	3.232	2016	3.0810799999999996	3.3793825000000006	100	YEAR
rock	3.108	2017	2.94857175	3.26164725	100	YEAR
rock	3.149	2018	3.0066005000000002	3.2770707499999996	100	YEAR
rock	3.233	2019	3.0810242499999996	3.3618589999999995	100	YEAR
rock	3.466	2020	3.3181879999999997	3.59641825	100	YEAR
rock	3.532	2021	3.381064141414142	3.6749234848484855	99	YEAR
rock	3.421	2022	3.2601889999999996	3.5710427499999993	100	YEAR
rock	3.659	2023	3.4993304999999992	3.8227022500000003	100	YEAR
rock	3.654	2024	3.4747064999999995	3.8149355	100	YEAR
